WARNING: 1 open meshes merged
     Merged: MainWing
...Mass Properties...
6 Num Comps
6 Total Num Meshes
31136 Total Num Tris

3.365633106656662e+00             Total Mass
3.271480655964600e-02 4.776949227555984e-05 4.135801716754339e-02       Center of Gravity
2.245055817200554e-02 6.165976095458440e-01 6.216414464473056e-01       Ixx, Iyy, Izz
-3.038197090878564e-05 3.656540511231818e-03 -1.402341195232184e-06       Ixy, Ixz, Iyz
4.023992765152554e-02             Volume

Name	Mass	cgX	cgY	cgZ	Ixx	Iyy	Izz	Ixy	Ixz	Iyz	Volume
MainWing	1.431665338676456e-02	6.979631603865112e-02	1.120398263321448e-02	1.297891269066384e-02	4.343537870941797e-03	1.085943891714366e-04	4.442066492267561e-03	-3.656835229140786e-05	4.108810235272845e-06	3.031051232342945e-06	1.431665338676456e-02
Fusealge	3.349306721113846e+00	3.218778258823315e-02	-4.554439953480805e-18	4.141869453610826e-02	1.802469546918957e-02	6.156561449219590e-01	6.163775037619301e-01	-1.617832929255714e-19	3.539571571036931e-03	-9.059282068680759e-21	2.391354210870764e-02
VTail	6.842583152791558e-04	6.514493229586721e-01	1.025186219219063e-01	1.884947454716519e-01	3.809043789563509e-06	5.732630572671862e-06	3.910286215532664e-06	7.100806558786523e-07	1.244420456015632e-06	1.609005487854977e-06	6.842583152791558e-04
VTail	6.836082319977618e-04	6.509648406770052e-01	-1.021312209127823e-01	1.878544989036043e-01	3.774241584258740e-06	5.694811160070110e-06	3.896365616738221e-06	-7.067063020164039e-07	1.229679214221256e-06	-1.598031143947915e-06	6.836082319977618e-04
Elevator	3.205550483749170e-04	6.375892918385173e-01	1.541723602008376e-01	4.483068786931615e-02	1.196941684547269e-06	8.359524592269025e-07	2.011055524627349e-06	2.920368502464330e-07	-2.981511178485911e-09	8.919515140350414e-09	3.205550483749170e-04
Elevator	3.213105604006616e-04	6.376472765349044e-01	-1.536866877390906e-01	4.486792684389092e-02	1.189284866237405e-06	8.375977161458057e-07	2.004187697860061e-06	-3.170293766906871e-07	-2.748251012388348e-09	7.051009963964404e-09	3.213105604006616e-04
Name	Mass	cgX	cgY	cgZ	Ixx	Iyy	Izz	Ixy	Ixz	Iyz	Volume
Totals	3.365633106656662e+00	3.271480655964600e-02	4.776949227555984e-05	4.135801716754339e-02	2.245055817200554e-02	6.165976095458440e-01	6.216414464473056e-01	-3.038197090878564e-05	3.656540511231818e-03	-1.402341195232184e-06	4.023992765152554e-02

...Filling Mass Properties (Volume Only -- No Shell or Point Mass)...
20 Num Slice

Slice	Mass	cgX	cgY	cgZ	Ixx	Iyy	Izz	Ixy	Ixz	Iyz	Volume
-7.819930406501038e-01	0.000000000000000e+00	0.000000000000000e+00	0.000000000000000e+00	0.000000000000000e+00	0.000000000000000e+00	0.000000000000000e+00	0.000000000000000e+00	0.000000000000000e+00	0.000000000000000e+00	0.000000000000000e+00	1.096996827256482e-04
-7.019791219503114e-01	0.000000000000000e+00	0.000000000000000e+00	0.000000000000000e+00	0.000000000000000e+00	0.000000000000000e+00	0.000000000000000e+00	0.000000000000000e+00	0.000000000000000e+00	0.000000000000000e+00	0.000000000000000e+00	4.606404356757602e-04
-6.219652032505192e-01	0.000000000000000e+00	0.000000000000000e+00	0.000000000000000e+00	0.000000000000000e+00	0.000000000000000e+00	0.000000000000000e+00	0.000000000000000e+00	0.000000000000000e+00	0.000000000000000e+00	0.000000000000000e+00	1.050846324794884e-03
-5.419512845507268e-01	0.000000000000000e+00	0.000000000000000e+00	0.000000000000000e+00	0.000000000000000e+00	0.000000000000000e+00	0.000000000000000e+00	0.000000000000000e+00	0.000000000000000e+00	0.000000000000000e+00	0.000000000000000e+00	1.911890430179281e-03
-4.619373658509345e-01	0.000000000000000e+00	0.000000000000000e+00	0.000000000000000e+00	0.000000000000000e+00	0.000000000000000e+00	0.000000000000000e+00	0.000000000000000e+00	0.000000000000000e+00	0.000000000000000e+00	0.000000000000000e+00	3.066263377027392e-03
-3.819234471511422e-01	0.000000000000000e+00	0.000000000000000e+00	0.000000000000000e+00	0.000000000000000e+00	0.000000000000000e+00	0.000000000000000e+00	0.000000000000000e+00	0.000000000000000e+00	0.000000000000000e+00	0.000000000000000e+00	4.511171433931697e-03
-3.019095284513499e-01	0.000000000000000e+00	0.000000000000000e+00	0.000000000000000e+00	0.000000000000000e+00	0.000000000000000e+00	0.000000000000000e+00	0.000000000000000e+00	0.000000000000000e+00	0.000000000000000e+00	0.000000000000000e+00	6.133029640435197e-03
-2.218956097515577e-01	8.560428212891083e-05	-2.218956097515576e-01	6.552904760218021e-01	2.748981541264069e-02	2.171387225018154e-07	1.243414652981115e-07	3.211547831444483e-07	-1.651302491089292e-08	1.654361225106055e-24	3.180042695958916e-08	7.847676017293255e-03
-1.418816910517653e-01	1.712085642578217e-04	-1.818886504016615e-01	6.552904760218021e-01	2.748981541264069e-02	4.342774450036309e-07	5.227119617251163e-07	9.163385974177898e-07	-3.302604982178585e-08	1.654361225106055e-23	6.360085391917833e-08	9.562322394151312e-03
-6.186777235197296e-02	1.578453309913632e-03	-7.488596052566977e-02	1.066151347653635e-01	6.136892049205509e-03	1.375125041937140e-04	4.850111059183411e-06	1.418186362382091e-04	-1.132095398204055e-05	-4.374645270693622e-07	3.715545813753442e-06	1.225370999154425e-02
1.814614634781928e-02	6.020694829552654e-03	-6.244200809770922e-03	2.800532049838802e-02	7.544987020969038e-03	1.085801708220477e-03	2.171493733857774e-05	1.105252764348840e-03	-2.309493295203360e-05	-2.616498513962549e-07	3.898877236212003e-06	1.786295906199849e-02
9.816006504761163e-02	1.153573396754241e-02	4.366971138659553e-02	1.396942646853942e-02	1.190663346119477e-02	3.205746696257139e-03	6.324136660412492e-05	3.261133607226351e-03	-3.222553190767560e-05	2.448510480909223e-06	3.132464746272738e-06	2.462833125610485e-02
1.781739837474040e-01	1.431665338676451e-02	6.979631603865125e-02	1.120398263321451e-02	1.297891269066385e-02	4.343537870941798e-03	1.085943891714365e-04	4.442066492267554e-03	-3.656835229140801e-05	4.108810235272843e-06	3.031051232342952e-06	2.885636880341107e-02
2.581879024471964e-01	1.431665338676451e-02	6.979631603865125e-02	1.120398263321451e-02	1.297891269066385e-02	4.343537870941798e-03	1.085943891714365e-04	4.442066492267554e-03	-3.656835229140801e-05	4.108810235272843e-06	3.031051232342952e-06	3.045708222045236e-02
3.382018211469885e-01	1.431665338676451e-02	6.979631603865125e-02	1.120398263321451e-02	1.297891269066385e-02	4.343537870941798e-03	1.085943891714365e-04	4.442066492267554e-03	-3.656835229140801e-05	4.108810235272843e-06	3.031051232342952e-06	3.199021191399443e-02
4.182157398467808e-01	1.431665338676451e-02	6.979631603865125e-02	1.120398263321451e-02	1.297891269066385e-02	4.343537870941798e-03	1.085943891714365e-04	4.442066492267554e-03	-3.656835229140801e-05	4.108810235272843e-06	3.031051232342952e-06	3.346137536718335e-02
4.982296585465732e-01	1.431665338676451e-02	6.979631603865125e-02	1.120398263321451e-02	1.297891269066385e-02	4.343537870941798e-03	1.085943891714365e-04	4.442066492267554e-03	-3.656835229140801e-05	4.108810235272843e-06	3.031051232342952e-06	3.485307822774663e-02
5.782435772463655e-01	1.486093573979528e-02	8.841821687771638e-02	1.078879376401267e-02	1.653360454181472e-02	4.354159210637156e-03	2.511325292171195e-04	4.582709051754752e-03	-3.959305831095633e-05	2.998240895815650e-05	2.455074730194700e-06	3.666794879284267e-02
6.582574959461579e-01	1.606819649507860e-02	1.312322687626913e-01	9.981111677852634e-03	2.559720387582071e-02	4.404881201443018e-03	6.410274686545571e-04	4.971884902031191e-03	-4.646039617740602e-05	1.067327286671628e-04	1.015196381231699e-06	3.901019647909514e-02
7.382714146459500e-01	1.632638554281700e-02	1.408321191768871e-01	9.847530812571458e-03	2.891024556366403e-02	4.421745094219817e-03	7.471473950951871e-04	5.070591960069571e-03	-4.776448694270922e-05	1.390484156452748e-04	5.989441147076733e-07	4.023992765152552e-02
